0 1 5 25 26 30
1 0 2 5 6 25 26 27 32
2 1 3 7 8 26 27 28 31 32 33
3 2 4 7 8 9 27 28 29 33
4 3 8 9 28 29 34
5 0 1 6 10 30 35
6 1 5 7 11 25 26 30 31 32
7 2 3 6 8 11 12 13 27 28 31 32 37 38
8 2 3 4 7 9 13 14 28 33 34 38
9 3 4 8 13 14 34 39
10 5 11 15 30 31 35 36 40
11 6 7 10 12 16 17 30 31 32 35 36 42
12 7 11 13 17 18 31 33 36 37 38 41 42
13 7 8 9 12 14 17 18 19 33 34 37 38 39 42
14 8 9 13 18 19 34 38 39 44
15 10 16 20 21 35 40 41 45
16 11 15 17 20 21 35 36 41
17 11 12 13 16 18 21 22 36 41 42
18 12 13 14 17 19 22 23 38 39 43 44
19 13 14 18 23 24 44 48
20 15 16 21 45
21 15 16 17 20 22 41 45 46
22 17 18 21 23 46 47 48
23 18 19 22 24 47 48 49
24 19 23 43 44 49
25 0 1 6 26 30 50 51 55 56
26 0 1 2 6 25 27 30 31 32 51 52 57
27 1 2 3 7 26 28 31 32 51 52 57 58
28 2 3 4 7 8 27 29 33 52 53 58
29 3 4 28 33 34 53 54 59
30 0 5 6 10 11 25 26 31 35 36 50 55 60 61
31 2 6 7 10 11 12 26 27 30 32 36 51 55 56 57
32 1 2 6 7 11 26 27 31 33 37 38 52 57 58 62
33 2 3 8 12 13 28 29 32 34 37 38 39 52 53 54 57 58 59 63
34 4 8 9 13 14 29 33 38 39 54 59
35 5 10 11 15 16 30 36 40 41 55 60 65
36 10 11 12 16 17 30 31 35 37 40 41 61 62 65
37 7 12 13 32 33 36 38 41 42 57 61 62 63 66 67
38 7 8 12 13 14 18 32 33 34 37 39 42 43 44 57 58 59 63 64 68 69
39 9 13 14 18 33 34 38 43 44 59 64 68 69
40 10 15 35 36 41 45 46 60 65 66 71
41 12 15 16 17 21 35 36 37 40 42 45 46 47 66 67
42 11 12 13 17 37 38 41 43 47 48 61 62 63 66 67 68
43 18 24 38 39 42 44 47 48 49 67 68 72
44 14 18 19 24 38 39 43 49 69 74
45 15 20 21 40 41 46 65 66 70
46 21 22 40 41 45 47 66 67 70 71
47 22 23 41 42 43 46 48 66 67 68 72
48 19 22 23 42 43 47 49 68 72 73
49 23 24 43 44 48 74
50 25 30 51 55 75 76 80 81
51 25 26 27 31 50 52 55 56 57 76 80 81
52 26 27 28 32 33 51 53 56 57 58 76 77 78 82
53 28 29 33 52 54 57 58 59 77 78 79
54 29 33 34 53 58 59 78 79
55 25 30 31 35 50 51 56 60 61 80 81 85
56 25 31 51 52 55 57 61 81 86
57 26 27 31 32 33 37 38 51 52 53 56 58 62 81 82 87 88
58 27 28 32 33 38 52 53 54 57 59 62 63 64 82 83 84
59 29 33 34 38 39 53 54 58 63 64 79 83 84 89
60 30 35 40 55 61 65 66 80 85
61 30 36 37 42 55 56 60 62 66 67 80 85 86 92
62 32 36 37 42 57 58 61 63 67 68 83 87
63 33 37 38 42 58 59 62 64 67 68 69 82 88 93 94
64 38 39 58 59 63 68 69 83 84 88 89 94
65 35 36 40 45 60 66 70 90 95
66 37 40 41 42 45 46 47 60 61 65 67 70 71 72 85 86 90 91 92 96
67 37 41 42 43 46 47 61 62 63 66 68 72 87 91 92 93 98
68 38 39 42 43 47 48 62 63 64 67 69 72 73 87 88 89 92 93 97 98
69 38 39 44 63 64 68 73 74 88 89 93 94
70 45 46 65 66 71 95
71 40 46 66 70 72 90 91 96
72 43 47 48 66 67 68 71 73 92 96 97
73 48 68 69 72 74 98 99
74 44 49 69 73 94 99
75 50 76 80 81 100 101 105
76 50 51 52 75 77 80 81 82 100 101 105 106 107
77 52 53 76 78 81 82 83 102 103
78 52 53 54 77 79 82 83 84 102 103 108 109
79 53 54 59 78 84 104
80 50 51 55 60 61 75 76 81 85 100 101 105 106 110
81 50 51 55 56 57 75 76 77 80 82 85 86 101 105 106 107 111
82 52 57 58 63 76 77 78 81 83 86 87 107 113
83 58 59 62 64 77 78 82 84 87 88 108 109
84 58 59 64 78 79 83 88 89 104 109
85 55 60 61 66 80 81 86 90 91 105 106 110 115 116
86 56 61 66 81 82 85 87 91 92 106 111 112
87 57 62 67 68 82 83 86 88 91 92 93 112 113 116
88 57 63 64 68 69 83 84 87 89 92 93 108 109 113 114 119
89 59 64 68 69 84 88 93 94 114 119
90 65 66 71 85 91 95 115 116 120
91 66 67 71 85 86 87 90 92 95 96 97 115 116 117
92 61 66 67 68 72 86 87 88 91 93 97 98 117 118 122
93 63 67 68 69 87 88 89 92 94 97 98 99 118 119
94 63 64 69 74 89 93 99 114 119 123 124
95 65 70 90 91 96 115 116 120 121
96 66 71 72 91 95 97 120 121
97 68 72 91 92 93 96 98 117 122 123
98 67 68 73 92 93 97 99 118 119 122 123
99 73 74 93 94 98 124
100 75 76 80 101 105 106
101 75 76 80 81 100 102 106
102 77 78 101 103 106 107 108
103 77 78 102 104 107 108
104 79 84 103 108 109
105 75 76 80 81 85 100 106 110 111
106 76 80 81 85 86 100 101 102 105 107 110 111 112
107 76 81 82 102 103 106 108 112
108 78 83 88 102 103 104 107 109 112 113
109 78 83 84 88 104 108 114
110 80 85 105 106 111 115 116
111 81 86 105 106 110 112 115 116
112 86 87 106 107 108 111 113 116 117 118
113 82 87 88 108 112 114 117 118 119
114 88 89 94 109 113 118 119
115 85 90 91 95 110 111 116 120
116 85 87 90 91 95 110 111 112 115 117 121 122
117 91 92 97 112 113 116 118 121 122
118 92 93 98 112 113 114 117 119 123 124
119 88 89 93 94 98 113 114 118 123 124
120 90 95 96 115 121
121 95 96 116 117 120 122
122 92 97 98 116 117 121 123
123 94 97 98 118 119 122 124
124 94 99 118 119 123
