84
132
72
159
239
194
222
173
290
325
268
20
323
101
146
168
80
107
96
167
38
27
254
150
256
121
126
230
323
20
43
298
111
78
264
223
99
140
170
142
285
262
284
211
288
328
258
69
312
270
269
283
65
273
225
254
64
156
290
262
65
219
300
325
88
122
190
3
2
121
147
152
17
271
232
9
41
11
33
328
187
95
170
91
9
204
60
312
165
98
25
189
176
284
58
325
279
229
204
115
188
173
286
263
158
299
85
62
113
174
119
232
145
189
198
100
233
142
326
340
160
153
253
284
76
200
316
332
339
236
155
341
114
102
42
17
236
120
251
319
280
14
257
211
218
286
74
182
146
145
193
88
54
83
325
10
329
321
273
31
6
143
297
11
182
65
245
41
130
40
162
252
204
134
10
11
186
295
70
270
285
265
136
34
172
107
220
175
