78
5
253
328
275
152
325
135
259
267
80
288
161
285
99
308
162
173
44
117
214
47
265
95
296
19
229
77
63
332
174
109
33
225
228
72
252
314
104
91
328
255
248
98
248
258
153
185
15
127
88
221
237
10
179
149
188
54
298
91
216
105
141
318
177
307
212
321
333
246
191
14
39
12
19
279
84
124
252
129
299
49
198
216
227
331
7
44
342
111
153
303
80
290
317
101
306
195
126
298
240
224
126
131
145
79
290
276
63
336
29
256
236
303
102
310
56
65
285
154
187
269
198
130
85
333
301
247
223
241
158
248
109
45
196
136
259
115
91
70
301
23
234
235
145
32
94
92
157
281
268
300
312
309
223
337
122
194
1
235
28
146
305
146
301
212
115
1
36
325
124
123
43
73
278
0
95
48
94
76
94
39
72
176
241
186
185
111
114
