168
99
188
95
164
172
84
204
47
112
31
3
90
8
163
55
44
81
138
86
7
47
5
52
172
214
157
198
91
140
133
9
35
111
176
148
212
179
62
111
190
118
117
104
112
6
104
27
46
49
190
21
95
15
125
22
157
87
184
92
107
98
62
171
71
39
31
111
165
184
72
105
85
86
192
91
111
4
176
67
17
25
197
8
94
25
31
123
84
51
1
108
152
10
59
76
139
138
71
136
147
70
11
175
209
146
124
96
109
46
211
112
41
169
93
62
171
48
26
157
5
194
82
21
80
128
82
211
139
202
206
130
187
5
145
56
12
198
30
83
125
172
112
170
117
4
31
44
95
2
107
42
1
1
39
57
215
167
121
158
179
83
81
34
23
176
181
133
214
109
180
5
175
78
138
36
126
92
134
15
157
169
78
88
92
128
114
39
127
91
48
48
55
176
207
44
35
57
101
39
18
51
29
156
203
144
177
76
125
184
89
40
116
3
5
203
57
183
165
91
204
134
16
144
