16
171
48
87
209
2
150
147
133
81
86
61
203
121
158
83
175
38
118
134
113
209
17
105
106
215
70
204
148
61
64
106
161
82
61
99
200
124
6
91
158
148
5
154
6
39
39
32
53
20
212
154
94
207
210
1
101
35
212
46
105
61
150
189
205
178
180
71
72
210
179
126
68
157
159
1
202
176
94
74
61
155
178
112
51
101
56
59
95
211
72
52
210
95
90
16
86
203
90
62
196
214
28
109
184
208
195
8
142
16
46
99
70
164
75
20
3
45
211
9
170
114
150
72
105
15
118
35
97
131
137
15
44
150
177
187
42
94
127
19
83
154
76
150
47
211
59
147
145
143
208
99
190
94
182
204
155
178
211
207
46
212
171
61
93
105
75
145
83
94
116
28
65
77
70
89
63
137
107
178
33
95
195
157
156
138
174
99
136
188
128
28
53
152
117
13
82
45
199
79
48
169
96
68
68
167
87
39
136
161
203
160
185
97
17
26
7
160
205
136
88
155
187
128
