34
105
54
105
124
14
75
48
56
111
73
15
7
11
37
29
46
1
109
42
14
82
36
15
26
86
83
62
84
11
65
93
108
88
54
101
14
42
76
87
21
57
65
35
48
101
9
47
12
80
62
68
45
39
13
11
29
25
58
96
2
43
60
90
55
0
16
57
25
73
109
90
67
42
94
85
72
41
91
99
100
77
71
18
3
44
16
99
62
79
108
29
106
58
46
34
36
65
41
38
5
102
108
119
113
34
83
63
83
2
19
25
40
47
70
75
121
22
6
110
104
72
30
21
102
93
3
8
28
84
122
44
9
8
115
39
75
114
21
56
102
3
52
42
7
89
46
64
101
54
94
61
14
80
14
22
1
27
67
119
9
85
4
29
9
45
75
73
31
117
76
38
46
49
57
21
121
53
98
67
8
106
58
54
30
68
17
73
89
109
54
61
68
114
34
74
40
87
54
71
24
107
60
23
84
56
53
52
78
71
10
69
116
51
41
18
53
93
100
19
44
74
37
10
107
64
116
31
84
115
40
28
116
59
24
22
69
41
99
61
105
115
32
1
103
36
110
107
17
49
120
36
89
81
6
37
55
35
117
56
117
58
123
90
123
3
59
75
13
117
37
39
121
46
114
123
32
81
63
87
30
28
35
111
45
11
39
24
8
53
10
115
72
29
58
43
13
65
33
47
21
43
24
108
85
100
112
104
63
112
117
105
65
112
4
66
91
21
16
78
12
120
50
123
116
114
17
50
41
98
76
4
59
90
7
67
116
22
36
81
63
115
33
68
118
98
113
26
100
42
37
34
103
112
35
42
50
109
1
69
27
102
117
116
107
48
39
59
29
0
93
5
103
79
20
38
118
66
31
54
24
8
102
31
72
31
12
38
88
26
108
28
73
88
84
9
88
124
54
72
68
41
6
109
39
109
1
111
79
85
54
118
94
73
86
84
58
14
92
65
55
118
120
5
114
50
21
17
4
35
106
49
120
97
20
118
71
37
38
111
27
112
33
59
107
43
100
70
30
66
78
42
61
94
58
44
91
81
92
4
89
51
85
17
32
84
28
66
57
120
29
91
39
124
11
9
62
48
121
84
111
20
78
85
26
113
51
111
22
22
50
12
7
37
27
111
89
23
18
87
