73
18
22
57
99
22
105
30
122
2
80
15
10
74
68
39
51
91
81
74
116
121
105
42
78
40
28
107
88
74
86
92
119
59
83
59
103
30
28
90
32
17
58
10
17
40
75
83
63
56
86
84
124
84
72
73
10
117
95
107
53
13
75
9
43
51
28
14
49
28
108
56
102
28
40
48
3
45
84
61
101
84
42
56
17
52
53
106
119
55
36
95
21
23
118
49
50
116
40
116
124
83
14
22
75
75
82
11
68
47
55
101
76
33
91
27
18
49
11
11
81
51
75
102
11
34
54
74
99
97
44
98
104
37
9
53
124
79
92
28
85
122
91
117
62
61
73
74
31
49
52
101
1
30
99
57
33
11
90
3
86
77
106
31
28
61
123
89
32
71
59
123
5
42
65
63
58
37
51
27
0
65
12
111
31
21
105
106
20
97
29
102
10
1
48
39
65
72
95
94
85
42
55
74
65
103
28
82
87
65
50
3
3
78
55
53
29
79
76
95
21
80
75
88
59
23
11
40
112
98
19
30
94
66
6
11
115
10
52
80
37
116
62
76
60
93
37
10
30
18
8
55
67
81
11
87
111
34
53
17
93
91
104
36
118
17
118
117
111
103
48
114
20
74
80
90
33
103
66
93
1
6
98
20
115
26
3
14
20
73
6
101
23
107
14
11
18
65
42
24
31
64
121
37
21
96
79
68
121
37
57
78
31
6
107
10
80
7
93
46
100
103
118
63
117
13
10
103
28
35
3
111
1
78
38
84
17
70
62
96
121
9
21
100
121
18
7
114
85
14
85
3
80
7
46
2
108
31
14
68
20
37
121
87
74
45
111
115
53
25
39
89
1
58
1
80
76
61
79
41
75
116
114
75
120
108
16
121
33
84
94
73
46
73
23
103
102
15
9
118
73
9
12
61
97
10
103
94
52
74
122
86
14
9
26
5
61
30
99
62
57
97
55
48
44
95
122
92
67
33
27
10
109
70
67
65
24
106
103
83
98
84
31
10
68
72
66
104
71
34
16
42
27
107
73
111
76
118
114
37
28
105
46
8
43
49
23
119
36
0
92
32
66
49
29
51
21
3
72
16
65
0
19
90
91
112
29
45
81
44
120
39
58
