88
119
41
88
89
22
94
124
79
37
95
26
86
74
11
18
60
57
26
41
72
30
14
120
46
21
6
57
47
73
116
48
91
32
40
117
71
64
67
65
121
103
88
76
64
18
96
23
12
80
91
28
63
98
71
84
66
26
61
96
104
97
72
14
61
98
82
63
84
83
69
10
122
113
83
80
30
114
10
113
21
114
25
42
84
8
37
71
44
86
5
82
100
93
13
48
64
16
78
81
12
105
15
92
45
18
38
7
85
4
73
48
32
34
88
124
56
110
43
43
27
20
76
53
57
70
15
86
124
79
9
89
93
84
96
104
104
28
122
118
105
36
116
75
44
117
68
107
77
16
82
55
3
28
124
0
89
2
97
79
37
30
38
60
120
54
54
49
75
102
65
58
62
80
107
16
16
55
84
94
63
106
88
110
109
43
66
72
8
58
116
83
83
73
98
80
71
102
38
63
24
53
105
34
51
94
8
37
123
26
98
13
23
92
62
18
104
99
51
51
84
24
3
101
118
75
8
39
71
124
70
109
61
38
36
98
37
2
5
60
74
105
43
36
116
5
5
8
1
49
97
35
96
86
33
122
94
4
91
50
10
6
63
122
15
5
87
24
7
4
85
82
35
10
74
89
56
36
103
70
12
116
40
36
95
81
77
38
79
88
123
124
104
105
34
3
8
86
123
111
48
116
30
106
2
83
74
69
96
104
117
69
117
35
70
89
51
87
49
42
36
77
94
19
34
59
75
63
76
29
26
120
30
102
11
106
72
12
64
8
61
11
74
70
122
81
19
120
12
38
79
119
88
111
77
112
67
84
115
46
80
33
6
26
52
37
77
20
86
124
54
102
103
68
45
24
118
79
110
24
78
38
47
87
89
48
107
92
55
107
67
4
73
25
101
13
111
89
102
72
21
53
96
122
25
118
9
100
19
41
47
94
31
87
90
107
29
5
53
6
8
103
72
124
90
98
9
54
64
42
40
79
86
57
35
39
89
3
45
54
106
63
116
3
23
75
25
21
61
107
67
4
35
71
93
91
97
47
101
26
63
52
73
98
116
19
46
34
112
53
67
93
85
80
116
119
37
0
23
116
29
117
122
23
99
124
67
54
18
82
92
27
117
61
108
2
4
21
33
115
