84
68
31
36
92
65
47
108
116
116
0
10
70
21
5
78
2
13
6
54
75
48
31
30
38
79
69
22
72
116
36
82
13
57
92
27
62
119
112
50
34
18
54
100
104
101
46
62
67
59
1
4
41
55
23
97
61
7
91
9
0
1
3
91
13
25
32
28
54
63
62
86
89
112
110
55
26
75
78
31
79
80
67
8
80
78
21
20
68
67
27
2
89
53
59
91
1
32
40
28
111
1
42
60
0
55
106
64
53
117
61
90
45
99
4
44
40
84
24
115
47
124
46
100
109
5
2
25
87
19
91
88
25
18
91
2
65
60
39
44
124
16
38
89
22
122
34
89
36
45
55
70
20
59
90
117
23
114
70
119
62
31
109
43
90
32
121
35
69
0
91
54
17
74
18
70
47
78
105
82
105
29
79
44
105
38
40
40
122
120
11
4
86
48
9
20
110
9
75
28
9
36
17
89
93
111
122
27
28
49
7
53
95
36
104
55
78
118
7
23
43
113
79
15
68
69
3
8
76
20
3
42
81
118
112
62
71
124
92
75
56
53
49
108
78
60
120
102
72
119
1
30
50
23
37
53
70
17
76
100
110
121
19
23
46
70
72
27
14
88
64
66
29
99
82
31
121
110
104
84
1
78
48
87
40
97
68
82
90
16
55
19
11
44
20
77
24
39
65
13
19
6
111
48
66
74
1
32
13
73
46
40
55
119
7
3
17
28
88
108
68
116
75
112
50
106
19
85
41
80
2
77
85
51
1
32
89
44
75
30
116
2
40
28
109
101
25
48
55
21
106
49
77
71
42
101
10
104
7
35
19
115
56
84
54
56
16
79
107
109
19
71
39
107
117
123
43
3
74
104
114
112
84
16
2
120
113
32
76
22
120
52
64
56
86
94
78
27
38
77
88
25
82
21
41
66
55
43
99
76
1
118
66
94
10
116
20
120
9
16
24
36
85
28
13
71
20
119
66
112
82
3
38
36
79
19
91
101
107
56
15
2
105
1
117
85
92
23
37
112
80
58
26
31
69
32
72
0
58
32
112
32
30
23
88
38
5
95
46
65
26
108
18
46
41
97
95
6
110
107
41
95
119
107
73
27
97
121
76
123
93
92
43
77
4
43
90
56
34
82
