88
41
88
94
79
37
95
26
74
11
18
60
57
41
72
14
46
6
47
91
32
64
65
121
103
76
64
18
96
23
12
91
28
84
66
26
96
104
14
82
63
84
83
69
10
122
113
83
80
30
114
10
114
25
42
84
37
44
86
5
82
100
93
48
64
105
92
45
18
38
7
4
73
48
88
124
110
43
27
20
76
53
57
70
15
86
9
89
93
84
96
104
104
28
122
118
36
116
75
44
117
68
55
28
124
0
37
30
38
60
54
54
49
75
65
58
62
80
107
16
94
63
106
88
110
43
66
58
83
73
98
80
71
102
63
24
105
94
8
26
13
92
18
104
99
84
24
3
101
75
8
39
71
124
70
98
37
2
60
74
43
36
5
8
97
35
86
33
4
10
6
63
5
24
7
4
85
82
10
74
89
56
36
103
70
12
116
36
95
77
38
88
123
104
34
8
86
123
111
48
116
30
2
83
96
104
117
35
70
89
87
49
42
36
94
19
34
59
75
63
29
26
120
30
102
106
12
64
8
61
11
74
70
81
120
38
79
88
111
84
46
80
33
6
37
77
20
86
54
102
103
68
24
118
79
110
24
78
47
87
48
107
92
55
67
73
25
101
13
111
89
102
21
53
122
118
41
47
94
31
87
90
107
29
53
6
8
103
72
90
98
9
54
40
57
39
89
45
54
3
75
21
61
107
67
4
35
71
93
91
97
26
52
116
19
46
34
53
67
93
85
80
116
119
37
0
29
117
122
99
124
67
54
18
82
92
27
117
61
108
2
4
21
115
