84
31
36
47
116
116
0
10
21
5
78
2
13
54
75
31
38
69
72
13
57
119
50
34
18
100
104
101
46
62
67
1
4
97
61
7
9
0
91
32
28
54
63
62
86
89
112
110
55
26
75
78
80
67
8
80
21
68
67
27
2
89
53
91
1
1
60
0
55
106
64
117
61
90
4
44
84
24
47
124
46
100
109
5
2
25
91
88
25
18
91
2
65
60
39
44
16
38
89
22
122
34
70
59
90
117
62
31
109
43
32
121
35
69
91
54
17
74
18
70
82
105
29
79
44
38
40
120
86
48
9
20
110
9
28
9
17
111
122
49
53
36
55
78
118
43
113
79
15
69
3
8
76
20
3
62
71
124
75
56
49
108
120
102
1
30
23
37
17
110
121
19
70
27
14
88
64
66
99
82
31
121
110
104
84
1
78
87
40
68
82
16
55
11
20
24
39
65
13
19
6
111
66
74
13
73
55
119
7
3
28
88
108
68
75
112
50
106
19
85
80
2
77
85
51
32
44
75
30
116
2
40
28
101
48
21
106
77
71
104
35
19
115
56
56
16
79
107
19
71
39
107
123
43
3
74
104
114
84
16
120
113
32
76
120
64
56
86
94
78
27
38
88
25
21
66
76
1
118
66
94
10
116
20
9
16
24
36
85
13
71
20
119
82
36
19
91
107
56
1
85
23
37
112
80
58
26
31
69
32
72
32
32
88
38
5
95
65
26
108
18
46
41
97
95
6
41
95
119
73
27
97
121
76
123
93
92
43
77
4
43
90
56
82
