7
14
57
0
37
22
63
2
20
25
24
48
24
8
50
10
7
62
31
33
32
60
10
13
36
0
13
47
36
7
3
25
29
52
57
63
16
15
45
3
14
61
32
24
47
52
28
57
57
10
14
7
31
28
49
53
61
46
49
4
6
60
63
40
4
37
53
45
42
1
6
39
59
5
12
14
46
56
26
53
59
40
35
16
21
15
24
49
51
21
55
32
39
52
0
53
59
12
2
60
37
7
44
23
43
13
16
48
20
37
17
24
46
1
43
29
30
46
41
42
23
8
52
25
51
29
40
31
47
38
46
28
63
55
33
7
62
16
3
11
55
54
34
26
62
11
22
12
9
42
59
29
38
38
13
2
44
57
30
57
55
1
42
8
63
46
52
22
18
20
42
5
3
28
19
19
56
39
9
24
62
40
2
41
31
2
57
58
28
57
5
38
30
43
12
18
27
53
53
51
39
58
21
41
13
50
41
35
26
37
29
17
39
51
5
47
9
18
61
22
25
58
16
1
32
22
17
8
22
57
51
53
56
47
54
35
60
4
18
50
10
15
2
29
61
3
47
7
63
1
62
10
26
37
33
54
34
61
8
4
18
41
6
28
57
34
40
23
16
33
10
36
6
31
33
41
18
53
15
59
30
4
46
4
23
29
11
14
40
50
30
28
42
12
45
24
39
29
18
49
42
6
61
12
14
53
18
11
5
43
2
0
39
47
58
26
37
45
41
5
15
39
36
60
59
61
20
20
25
3
39
19
61
51
7
38
44
38
34
27
63
10
11
33
45
31
50
7
20
38
61
1
8
19
27
46
53
32
28
8
23
47
8
17
54
11
34
59
1
51
30
33
41
53
29
57
40
6
40
17
6
3
25
47
50
18
40
60
30
46
13
58
33
9
40
58
35
29
59
8
43
47
58
38
13
61
52
56
8
60
38
5
23
48
45
60
7
3
43
33
4
16
38
44
22
17
15
34
46
1
27
47
13
23
61
5
9
15
48
12
35
39
13
17
34
20
32
63
17
39
2
42
47
13
38
10
7
40
39
33
40
21
6
60
28
0
22
25
11
12
17
61
26
45
47
33
19
5
43
51
13
33
62
19
45
61
54
20
27
47
47
62
44
38
54
35
13
2
32
25
