17
61
25
39
21
61
29
18
30
5
17
47
49
0
26
45
17
15
49
57
5
63
61
62
30
54
57
32
57
1
41
48
37
52
30
2
3
41
14
57
33
56
38
38
46
48
11
58
62
58
48
51
38
3
5
49
52
50
20
63
28
12
32
58
17
29
48
61
59
40
23
58
19
26
0
50
14
20
36
14
8
14
12
23
60
40
1
42
52
56
17
31
45
31
47
15
32
62
58
39
0
29
29
14
58
31
1
48
43
8
16
21
28
10
41
29
1
33
20
20
13
13
11
19
61
53
24
35
31
18
41
8
53
6
58
51
22
3
35
19
35
36
53
6
7
11
55
55
4
60
31
7
10
35
52
58
23
46
35
20
2
58
46
40
63
49
53
12
61
39
62
9
34
47
33
55
27
41
30
38
3
30
46
3
43
60
40
29
26
19
2
50
56
42
6
55
59
48
38
37
16
25
54
49
50
6
24
55
10
12
62
31
32
10
2
3
49
5
29
44
46
54
61
38
39
60
25
40
12
11
46
10
2
35
19
54
11
32
47
1
14
55
47
41
0
49
37
60
55
30
39
34
28
42
38
50
26
49
62
0
51
41
39
23
10
45
20
56
21
63
2
42
61
13
56
29
63
55
6
54
24
55
18
17
2
38
41
51
62
36
19
4
32
14
53
3
20
58
25
5
7
53
41
41
25
52
41
41
4
50
59
7
6
42
33
43
25
30
25
12
41
43
53
7
25
15
40
31
52
8
21
55
25
50
46
50
34
33
32
38
23
34
47
60
14
30
30
19
47
12
50
57
35
2
22
16
46
50
59
43
33
62
63
41
16
6
29
46
55
28
11
2
6
21
22
9
39
55
58
62
56
60
29
54
41
4
24
46
55
15
12
52
21
11
2
58
56
9
45
34
49
34
28
34
46
56
32
28
55
40
10
56
20
7
60
48
7
3
0
31
19
8
38
33
27
10
44
35
39
12
16
4
1
47
63
0
62
62
48
19
44
52
18
46
28
7
35
10
23
24
34
16
1
37
8
27
20
39
45
63
30
33
4
8
10
22
40
31
39
20
49
55
41
24
40
3
37
60
26
45
3
42
37
19
37
35
37
39
61
26
7
53
25
57
6
25
63
16
55
22
