38
12
44
14
12
46
54
50
29
49
34
45
20
49
38
53
60
54
8
40
23
25
41
14
43
29
4
26
36
35
9
13
48
36
10
23
29
47
15
54
4
50
15
57
45
55
36
10
2
40
33
34
20
36
19
47
24
56
63
19
5
27
33
47
37
28
0
19
22
8
60
56
60
13
5
23
27
10
10
22
21
61
16
16
37
4
5
26
5
29
22
22
63
50
39
57
37
51
16
16
39
3
54
8
10
12
2
37
18
13
47
48
12
24
21
33
51
9
16
59
22
49
23
37
46
54
47
61
33
45
10
27
50
37
39
18
40
7
22
39
24
39
21
52
1
57
18
2
36
17
33
16
56
50
10
50
22
13
9
45
27
42
21
44
41
24
52
56
50
25
8
61
19
19
1
49
51
21
14
54
53
28
22
45
15
46
3
5
49
54
21
52
21
10
44
0
45
47
8
59
60
38
4
28
41
30
40
14
32
1
0
63
9
54
23
32
56
62
37
4
16
10
11
0
27
13
4
24
50
44
1
6
20
16
8
21
8
26
42
54
19
26
51
51
13
17
7
8
6
26
16
50
48
61
52
36
38
31
33
42
3
20
53
29
24
39
31
1
31
4
40
35
21
11
22
44
42
25
25
55
10
24
31
31
17
5
43
37
2
16
22
10
9
36
11
53
22
2
54
33
59
40
26
57
19
14
48
28
45
42
36
62
60
35
50
3
41
43
6
0
50
14
7
36
22
52
41
22
51
21
46
42
48
62
27
23
2
10
52
1
28
40
7
51
35
8
16
53
58
36
9
56
7
8
11
27
30
5
25
47
55
11
36
27
43
23
53
59
9
60
9
23
15
54
37
22
19
21
33
10
21
58
16
50
59
63
37
61
0
10
6
32
40
44
26
1
25
51
3
25
53
35
38
59
17
41
0
12
17
26
58
38
30
48
57
44
51
40
16
38
24
34
17
29
4
14
9
47
32
54
15
37
17
1
47
23
54
60
43
20
49
54
45
62
62
31
46
7
9
33
41
53
20
62
1
39
62
32
1
27
45
47
21
36
48
8
27
12
31
12
27
2
20
46
54
12
35
44
2
14
27
46
22
9
45
41
58
63
44
22
6
25
17
38
59
42
54
63
45
33
