17
61
25
39
21
61
29
30
5
17
47
49
0
26
45
17
57
5
63
61
30
54
57
57
41
37
52
30
2
3
41
14
33
56
38
38
46
11
58
62
48
51
38
5
49
52
20
32
58
17
29
48
61
59
40
19
26
0
14
14
8
14
23
40
1
42
52
56
17
31
45
31
15
32
62
58
31
1
48
8
16
28
10
41
29
1
20
20
11
19
61
53
24
31
18
8
53
6
58
51
22
3
35
19
35
36
6
11
55
55
4
60
31
10
35
52
58
23
46
35
20
2
58
40
63
49
53
12
61
39
62
9
47
55
30
38
3
46
3
43
40
29
26
2
42
6
55
59
48
38
16
50
6
24
55
62
32
10
2
3
49
5
29
44
54
61
38
39
60
25
40
46
10
2
35
19
54
11
47
14
55
47
41
0
49
37
60
55
30
34
50
26
0
51
41
39
10
45
63
2
42
61
29
63
55
6
54
24
55
2
41
62
36
19
4
32
3
20
58
25
53
41
41
25
41
41
4
50
59
7
6
42
33
30
25
12
53
7
25
15
40
31
52
55
25
50
46
50
34
33
32
23
34
14
30
30
19
57
35
22
16
46
59
43
33
62
63
41
16
6
29
28
11
2
21
22
9
39
58
62
29
54
24
46
15
52
21
56
9
34
49
34
28
34
46
56
28
10
56
20
60
3
0
31
19
8
38
27
10
44
39
12
16
4
1
47
63
0
62
48
19
44
52
18
46
28
35
10
23
16
1
37
20
39
45
63
30
33
4
10
22
40
39
20
41
24
40
3
37
60
26
45
3
42
37
37
35
37
26
7
25
6
25
16
55
