38
12
44
14
12
46
54
29
49
34
45
20
49
38
53
60
40
23
25
41
43
29
4
36
9
48
36
10
23
29
47
15
4
50
15
57
45
36
10
2
33
34
20
19
47
24
63
33
47
37
28
0
19
22
8
60
13
5
27
22
21
61
16
4
5
26
5
29
22
22
63
50
57
37
51
10
12
2
37
13
47
12
24
21
33
51
16
59
23
37
46
54
47
33
45
27
50
37
39
18
40
7
22
39
24
39
52
57
18
2
36
17
33
56
50
10
50
22
13
9
45
27
42
44
41
24
52
56
50
25
8
61
19
49
14
54
53
22
45
15
3
5
49
21
10
44
0
45
47
8
60
41
30
40
14
0
9
54
23
32
56
62
37
4
10
11
0
27
13
4
24
1
6
20
16
8
21
8
42
19
26
51
51
13
17
7
8
6
26
50
36
38
42
3
20
53
24
39
4
40
35
21
44
42
25
25
55
10
24
17
43
2
16
22
10
9
53
22
2
54
40
26
57
19
48
28
45
42
36
62
60
35
50
43
6
0
7
36
22
52
41
22
51
42
48
62
27
23
2
10
52
28
40
35
8
16
53
56
7
11
27
30
25
47
55
11
36
27
43
23
53
60
9
23
54
37
22
19
33
10
16
50
37
61
10
32
40
25
51
25
53
35
38
59
17
41
12
58
38
30
57
40
16
38
24
34
17
4
14
9
32
54
15
37
17
1
47
23
60
43
20
49
54
45
62
62
46
7
9
53
20
62
62
32
1
27
45
47
21
48
8
27
31
12
20
46
54
12
35
44
2
14
27
46
22
45
41
58
22
6
17
59
42
63
45
