20
0
6
50
26
12
26
55
25
39
11
46
2
31
42
47
33
61
58
55
27
40
51
51
15
60
33
53
49
20
30
28
27
29
15
30
4
13
20
5
19
48
12
18
41
60
34
45
12
40
34
26
50
6
26
23
25
49
37
39
2
26
19
47
42
43
11
26
41
3
41
38
52
59
43
39
3
14
33
46
56
57
31
43
18
12
1
33
45
12
10
51
40
58
39
3
46
47
27
33
16
58
28
5
45
51
54
49
50
54
32
30
23
13
33
45
18
61
54
20
21
53
0
4
34
62
38
1
62
1
32
36
52
53
49
38
3
37
16
31
60
19
46
22
29
19
9
56
44
16
46
23
33
7
14
12
16
26
17
15
6
37
33
42
12
11
54
40
57
40
33
24
0
1
52
4
39
12
25
55
21
38
49
37
30
3
20
1
45
17
33
35
55
4
16
63
52
25
9
21
40
25
43
3
63
36
42
20
55
13
49
39
57
19
25
35
23
19
26
11
33
46
30
19
12
4
38
45
15
34
48
59
50
3
46
34
12
16
54
34
46
59
32
53
52
50
11
2
62
2
52
57
49
17
24
53
4
42
40
28
10
28
58
17
43
43
45
38
62
54
47
35
42
16
47
19
7
51
61
48
3
9
18
2
21
20
6
48
29
36
48
57
36
50
9
39
6
16
2
0
44
56
58
35
16
44
23
17
43
53
19
21
26
16
49
63
58
26
14
29
4
1
48
33
63
62
54
3
28
23
32
13
40
58
31
34
22
30
24
22
57
26
1
55
18
10
34
14
34
57
35
58
58
58
5
41
20
37
11
44
50
63
52
28
45
62
51
28
10
11
11
7
17
33
20
43
63
55
28
44
24
34
23
9
23
19
31
29
37
58
3
17
60
52
46
40
26
35
7
3
54
40
59
31
11
10
29
34
45
53
43
45
6
8
47
1
12
37
5
8
20
50
9
23
4
44
58
52
63
6
29
6
8
9
25
26
29
59
20
28
31
42
44
40
55
9
15
31
43
56
52
19
56
2
5
48
42
17
52
48
9
7
11
21
52
50
37
45
33
52
20
32
63
22
38
25
18
59
0
11
34
62
12
44
31
45
61
39
26
32
20
52
14
23
38
10
25
34
41
56
